1          -.0037          .0009
   2         17.0428        -2.0265
 100          -.3202        23.8247
  11          -.6236        42.4422
  12          3.5583        42.3945
  13          8.0960        42.3773
  14         12.6806        42.3898
  15         17.3229        42.4440
  21          -.6713        42.2213
  25         17.2927        42.4489
  32          3.0318        42.2309
  33          7.8506        42.2214
  34         11.1378        42.2371
 200         16.2754        11.1994