0 (484550.088, 4291619.8688, 81.0)
1 (484845.0, 4291619.8688, 81.0)
2 (485139.912, 4291619.8688, 81.0)
3 (485434.824, 4291619.8688, 81.0)
4 (485729.73600000003, 4291619.8688, 81.0)
5 (486024.64800000004, 4291619.8688, 81.0)
6 (486319.56000000006, 4291619.8688, 81.0)
7 (486614.47200000007, 4291619.8688, 81.0)
8 (486909.3840000001, 4291619.8688, 81.0)
9 (487204.2960000001, 4291619.8688, 81.0)
10 (487499.2080000001, 4291619.8688, 81.0)
11 (487794.1200000001, 4291619.8688, 81.0)
12 (484550.088, 4290558.1856, 81.0)
13 (484845.0, 4290558.1856, 81.0)
14 (485139.912, 4290558.1856, 81.0)
15 (485434.824, 4290558.1856, 81.0)
16 (485729.73600000003, 4290558.1856, 81.0)
17 (486024.64800000004, 4290558.1856, 81.0)
18 (486319.56000000006, 4290558.1856, 81.0)
19 (486614.47200000007, 4290558.1856, 81.0)
20 (486909.3840000001, 4290558.1856, 81.0)
21 (487204.2960000001, 4290558.1856, 81.0)
22 (487499.2080000001, 4290558.1856, 81.0)
23 (487794.1200000001, 4290558.1856, 81.0)
