0 (500969.5887985913, 4288050.598519504, 80.0)
1 (501048.26157912216, 4287766.373817292, 80.0)
2 (501126.93435965304, 4287482.14911508, 80.0)
3 (501205.6071401839, 4287197.924412868, 80.0)
4 (501284.2799207148, 4286913.699710656, 80.0)
5 (501362.95270124567, 4286629.475008444, 80.0)
6 (501441.62548177654, 4286345.250306232, 80.0)
7 (501520.2982623074, 4286061.02560402, 80.0)
8 (501598.9710428383, 4285776.800901808, 80.0)
9 (501889.5324832097, 4287921.392945821, 80.0)
10 (501968.20526374056, 4287637.168243609, 80.0)
11 (502046.87804427143, 4287352.943541397, 80.0)
12 (502125.5508248023, 4287068.718839185, 80.0)
13 (502204.2236053332, 4286784.494136973, 80.0)
14 (502282.89638586406, 4286500.269434761, 80.0)
15 (502361.56916639494, 4286216.044732549, 80.0)
16 (502440.2419469258, 4285931.820030337, 80.0)
17 (502518.9147274567, 4285647.595328125, 80.0)
